0.0324290614281 0.0563874148178
0.0640629872155 0.140345557076
0.048113501715 0.0741555541977
0.0636732148425 0.137493637737
0.029820185012 0.0342941713501
0.0602276270658 0.131431189595
0.0595884003742 0.130394689263
0.0270294148217 0.0343161736154
0.0209281779441 0.0261678106471
0.0201434362332 0.0227542000024
0.0216193742854 0.0209675865398
0.021515434986 0.022628268223
0.0226691612099 0.021194046398
0.0202369816027 0.0198946878638
0.037163496518 0.0452167817239
0.050368984513 0.105034019881
0.0203409209022 0.0213778302247
0.0582008107265 0.0972470062526
0.045094065066 0.0929659963367
0.0229186155285 0.0228884863241
0.0198264213699 0.0205157095676
0.0202525724977 0.0193287983063
0.0184284377923 0.0179494503316
0.0299189273464 0.0333115243069
0.0204708450265 0.0178666705114
0.0203149360773 0.0181810224772
0.0188026192703 0.0182127605947
0.0186674981811 0.0176189498997
0.0169992724249 0.0184101477395
0.0198991788795 0.0216119829627
0.0210684959983 0.0212265859319
0.0431971728511 0.0668513657248
0.0185635588816 0.0179534613998
0.0206371479056 0.0197415516698
0.0211464504729 0.0215647427488
0.0229394033884 0.0230250440748
0.0525049371167 0.124152517355
0.0186674981811 0.0189186628521
0.0176852718013 0.0183496149286
0.0316443197173 0.0558677140354
0.0307660326369 0.0538398297353
0.0325693794824 0.0542221203012
0.019436648997 0.0210310584332
0.0217648893046 0.0194032262868
0.0162976821536 0.0176534895276
0.0190884523438 0.0180463446924
0.0158819249558 0.0168430131059
0.0182725288432 0.0164024019673
0.0176177112566 0.015975270831
0.0182153622285 0.0155736531139
0.0210840868933 0.0165668133377
0.0305217752832 0.0474625188124
0.018116619894 0.0157102488987
0.0169940754599 0.0179854786987
0.0184804074421 0.0180189380569
0.0442729446004 0.0584708191775
0.0204812389564 0.0181116197714
0.0297422305374 0.02764517738
0.0193015279077 0.0170960432742
0.0319249558258 0.0458921966622
0.0209749506288 0.0176497255206
0.0413782351107 0.0551616927772
0.019239164328 0.0132653139184
0.0179607109448 0.0116326883954
0.0157104251117 0.0133276984916
0.0210061324187 0.0155974382555
0.0168537574057 0.0166923416447
0.0276790354433 0.044117385522
0.0455306101237 0.0984762317083
0.0168953331255 0.0160925000097
0.0144163808336 0.0126992217685
0.0254443405051 0.0434740840807
0.0159131067457 0.0131523838344
0.0179866957697 0.0126416522802
0.0267487787132 0.0354457932055
0.017165575304 0.0169341339266
0.0178151959256 0.0167217110796
0.0241191144372 0.0348292857405
0.0153050618439 0.0134189067313
0.0231109032325 0.0331496716153
0.0153258497038 0.013800901312
0.016604303087 0.0125434162326
0.0246076291446 0.0358043976778
0.0165471364723 0.0139329109226
0.0198679970897 0.016987876909
0.0219207982538 0.0162688213985
0.0155649100925 0.0133411921358
0.0152998648789 0.0138163285732
0.0156792433219 0.0138520721725
0.024711568444 0.0296928697168
0.0206215570107 0.0288225832615
0.0290458372311 0.0404091444264
0.0177164535911 0.0163625755087
0.0199251637044 0.0258595483395
0.0199095728095 0.0151046986366
0.0199875272841 0.0147517697636
0.013771957177 0.0123377743509
0.0159598794304 0.0131720550197
0.0159442885355 0.0160393157967
0.0421369919967 0.0728329371298
0.0201122544434 0.0271318505332
0.0139122752313 0.0132172837845
0.0158715310259 0.0158540007319
0.0232304334269 0.0276845499608
0.0199563454942 0.0265393690669
0.0137199875273 0.0124088027436
0.0372414509926 0.0582668740885
0.0171395904792 0.0133092598785
0.0160898035547 0.0166059450516
0.01887537678 0.0218103165816
0.0173058933583 0.0159719399213
0.0142396840245 0.0129710873738
0.0327512732564 0.040569938546
0.0130599729758 0.0123972409372
0.0153778193535 0.0120370381278
0.0425631431244 0.0945615017925
0.0363735578422 0.0687594818117
0.0168901361605 0.0140423686117
0.0200706787236 0.0231967019106
0.0159754703253 0.0145603377928
0.0157208190417 0.0140671819963
0.0134549423137 0.0118257037868
0.0165367425424 0.0106854907886
0.0129976093961 0.0111538891394
0.0168589543706 0.0130035748744
0.0208034507847 0.025055182576
0.0195353913315 0.0260266937399
0.0146190624675 0.0100874964325
0.0211672383328 0.0237109560556
0.0219623739736 0.0260979679989
0.0199511485293 0.0243044050062
0.0146398503274 0.0128053902396
0.012067352666 0.0103723349098
0.0267020060285 0.0362224491865
0.0135276998233 0.0101218427824
0.0140058206008 0.0108266950722
0.0152063195094 0.0107151335851
0.0170564390396 0.0123922891135
0.0207306932751 0.0231130768103
0.0172383328136 0.0136935451252
0.0134185635589 0.0131306603795
0.0200914665835 0.0240985927564
0.0171551813741 0.0146024256691
0.0162924851886 0.0135621121509
0.0323459099886 0.0480124145296
0.0146606381873 0.0138833385978
0.0131743062052 0.0103147710656
0.0136680178776 0.0101926779724
0.0174721962374 0.0136692982865
0.0150504105602 0.0100570658545
0.0127117763226 0.0104886341375
0.0144839413782 0.0136722271662
0.0145826837127 0.0180435330806
0.0155856979524 0.0193990590178
0.018683089076 0.0201101896517
0.0190936493088 0.0177008535412
0.0140681841804 0.00966177288966
0.0123791705644 0.0106789676382
0.0128105186571 0.0104262891461
0.0157000311818 0.0123083716368
0.0171188026193 0.0191524369977
0.0174566053425 0.016869390728
0.0196445275959 0.0174986371606
0.0139902297059 0.0173273982411
0.0177216505561 0.0174562022984
0.0134497453487 0.011066651066
0.0152219104043 0.0119197679696
0.0151907286145 0.0170899733689
0.0160898035547 0.0151780598411
0.0160014551502 0.0143327441724
0.0141981083048 0.0119725891959
0.0131795031701 0.0115364007278
0.0195717700863 0.0151541074753
0.0151283650348 0.0105223962517
0.0280947926411 0.0325070653382
0.0282143228355 0.049992487847
0.0157727886914 0.00919904639145
0.0156480615321 0.0179124154409
0.0192027855732 0.0155083956971
0.0176177112566 0.0155500278585
0.0153310466687 0.0171586438312
0.0374389356616 0.074767589059
0.0539860721339 0.0838139204335
0.0132990333645 0.0100566697326
0.014899698576 0.0103328694456
0.0118178983474 0.0101850225071
0.0134289574888 0.0113510614214
0.0148633198212 0.0167886744881
0.0150815923501 0.00924364044457
0.0150711984201 0.0166539984025
0.0149672591207 0.00809306120195
0.0133198212244 0.0101152765539
0.0178619686103 0.0153376700471
--------------------
0.0665 0.0506403988926
0.0916 0.112282857107
0.0791 0.0782706202863
0.0878 0.111387431966
0.0654 0.0311036975294
0.0824 0.105499952607
0.0838 0.102554180802
0.0577 0.0297423939857
0.0497 0.0237993697396
0.0561 0.0244476992783
0.0554 0.0204802343737
0.0533 0.0200950242598
0.0544 0.0195151223414
0.0545 0.0195563288989
0.0668 0.0409531439575
0.0779 0.0839540945994
0.0572 0.0228814335215
0.08 0.0783683609628
0.0685 0.0731467702636
0.0542 0.0223821357337
0.05 0.0193494185959
0.0538 0.0205173097652
0.0521 0.0177282260816
0.0588 0.029078514405
0.0547 0.0176468127434
0.0568 0.0190567573317
0.053 0.0190368064549
0.0535 0.0184024454897
0.0467 0.0155502411557
0.0514 0.0201900965822
0.0532 0.0201980197049
0.0682 0.0545505270369
0.0539 0.0197709382681
0.0527 0.0213168947082
0.0531 0.0210401996188
0.0544 0.0225397426782
0.0844 0.125601114645
0.0551 0.0213562637182
0.0528 0.0203312567246
0.0603 0.0429745273389
0.0643 0.0411899259528
0.0623 0.0408975549391
0.0462 0.0168511127229
0.0515 0.0160140563256
0.0473 0.0162237480257
0.0537 0.0186013440375
0.0469 0.0157572205671
0.0512 0.0164060964279
0.0528 0.0164304595188
0.0539 0.015623379916
0.0557 0.0169531707949
0.0603 0.0380264381714
0.05 0.0155112862136
0.046 0.0148996644258
0.0467 0.0144156165321
0.0746 0.0452839927568
0.0528 0.016803571049
0.0641 0.022993259882
0.0519 0.0155656673484
0.0625 0.0360367867602
0.0528 0.0161851784049
0.0628 0.045161488018
0.0553 0.0155244967712
0.0551 0.0141806205788
0.0482 0.0141760361173
0.0578 0.0158227684051
0.0436 0.0104709120902
0.057 0.0326098144736
0.0818 0.100551280449
0.0435 0.0104331203386
0.0449 0.0111664676599
0.0523 0.0336394114098
0.0471 0.0127157382798
0.0523 0.0137844114854
0.0629 0.0258590409722
0.0443 0.0119837389825
0.0461 0.0129340635533
0.0537 0.0252944657979
0.0484 0.0149545979551
0.054 0.0233623628942
0.0449 0.0125574678976
0.0499 0.0130111490653
0.0509 0.0248975902448
0.0499 0.0151818971147
0.0509 0.0166760307028
0.0596 0.0167761735804
0.0465 0.0133510299228
0.0494 0.0156984075626
0.0499 0.0159213692878
0.0535 0.0220827987357
0.052 0.0207412632209
0.0621 0.0347172867603
0.0518 0.0148243043682
0.0497 0.018547506571
0.0557 0.014846211638
0.0548 0.014274452704
0.0427 0.00867236991831
0.0515 0.0152397506541
0.0429 0.00921357693841
0.0666 0.0589664311282
0.0487 0.0192460385534
0.0424 0.0102683981224
0.0408 0.00862322445492
0.0506 0.0211433204582
0.0487 0.0204941455055
0.0462 0.0135852861582
0.0665 0.0479025051537
0.0506 0.0149746452379
0.0467 0.0134167805378
0.0521 0.0178238604124
0.0492 0.0147159777113
0.0448 0.012221292894
0.0606 0.0330974319245
0.0416 0.00883402513014
0.0499 0.0147135991518
0.0702 0.0783323687884
0.0704 0.0715712232675
0.0486 0.015252540772
0.0509 0.0199020099487
0.0446 0.0119012604374
0.0448 0.0121556571192
0.0442 0.0142323574997
0.0496 0.0156665248221
0.0441 0.013780058055
0.0445 0.0122249744376
0.0551 0.0224118272347
0.0464 0.0214951157243
0.0446 0.0145203305747
0.0536 0.0217632718129
0.0494 0.0222315091705
0.0507 0.0213543906492
0.0401 0.0098534258002
0.0387 0.0096337946833
0.0542 0.0326643536596
0.0455 0.01341081653
0.0461 0.0134940727729
0.0485 0.0148475587219
0.0465 0.0134629120178
0.0497 0.0181716812651
0.0517 0.0144433375644
0.0392 0.00774338427304
0.0503 0.0189581117203
0.051 0.0178044938148
0.0441 0.0143139791812
0.0621 0.0379379756972
0.0434 0.0126901536634
0.0467 0.0144917217749
0.0493 0.015925137362
0.0534 0.0156409718368
0.0534 0.015350570022
0.0461 0.0141028365941
0.0419 0.0116142154277
0.0417 0.0121823643025
0.0455 0.0155128978595
0.0462 0.0147634684272
0.055 0.0156140961954
0.0492 0.0136952546526
0.0448 0.0135262707351
0.0444 0.0135735036008
0.0487 0.016068914089
0.0521 0.0176773866847
0.0483 0.0165834254604
0.0521 0.0154107105612
0.0412 0.0108332820512
0.0461 0.0145013792447
0.0485 0.0148408220797
0.0528 0.0158227684051
0.0399 0.00784155596805
0.049 0.0140214121971
0.0505 0.0131548470155
0.0439 0.0132849538953
0.0493 0.0160502336432
0.0536 0.0154803100744
0.0494 0.0143888845989
0.0583 0.0274300929638
0.0523 0.0382388545854
0.0492 0.0138549630097
0.0457 0.0139860644929
0.0554 0.0152
0.052 0.0150930447558
0.0483 0.0145055161921
0.0728 0.0790263247279
0.0936 0.0838858748539
0.0517 0.0141354165131
0.0524 0.0159260792413
0.0478 0.0149652931812
0.0485 0.0149616175596
0.045 0.0125059985607
0.0503 0.014717676447
0.0463 0.0137698946982
0.053 0.0130996183151
0.0455 0.0112449988884
0.0544 0.0155254629561
