1
time:  8
266 2007
0.132536123568
3
time:  8
265 2007
0.132037867464
5
time:  11
271 2007
0.135027404086
7
time:  12
303 2007
0.150971599402
9
time:  15
313 2007
0.155954160438
11
time:  16
314 2007
0.156452416542
13
time:  19
339 2007
0.168908819133
15
time:  22
348 2007
0.173393124066
17
time:  22
346 2007
0.172396611858
19
time:  24
362 2007
0.180368709517
21
time:  27
373 2007
0.185849526657
23
time:  31
364 2007
0.181365221724
25
time:  30
373 2007
0.185849526657

-----

1
time:  6
137 2007
0.0682610861983
3
time:  9
113 2007
0.056302939711
5
time:  12
119 2007
0.0592924763328
7
time:  17
121 2007
0.0602889885401
9
time:  21
129 2007
0.0642750373692
11
time:  23
140 2007
0.0697558545092
13
time:  26
143 2007
0.0712506228201
15
time:  28
147 2007
0.0732436472347
17
time:  30
156 2007
0.0777279521674
19
time:  33
163 2007
0.0812157448929
21
time:  34
160 2007
0.079720976582
23
time:  36
167 2007
0.0832087693074
25
time:  40
162 2007
0.0807174887892
